0
360
647
801
793
622
325
-38
-394
-670
-808
-782
-597
-289
77
427
691
814
770
569
253
-115
-460
-711
-817
-756
-541
-216
153
491
729
818
741
512
178
-191
-522
-746
-818
-723
-481
-140
228
551
761
816
704
449
102
-265
-579
-774
-812
-684
-416
-64
301
605
786
806
662
383
25
-337
-631
-796
-799
-639
-348
12
371
654
804
789
614
313
-51
-405
-677
-810
-778
-588
-277
89
438
698
815
766
560
240
-128
-470
-717
-818
-751
-531
-203
166
501
735
819
735
501
166
-203
-531
-751
-818
-717
-470
-128
240
560
766
815
698
438
89
-277
-588
-778
-810
-677
-405
-51
313
614
789
804
654
371
12
-348
-639
-799
-796
-631
-337
25
383
662
806
786
605
301
-64
-416
-684
-812
-774
-579
-265
102
449
704
816
761
551
228
-140
-481
-723
-818
-746
-522
-191
178
512
741
818
729
491
153
-216
-541
-756
-817
-711
-460
-115
253
569
770
814
691
427
77
-289
-597
-782
-808
-670
-394
-38
325
622
793
801
647
360
0
-360
-647
-801
-793
-622
-325
38
394
670
808
782
597
289
-77
-427
-691
-814
-770
-569
-253
115
460
711
817
756
541
216
-153
-491
-729
-818
-741
-512
-178
191
522
746
818
723
481
140
-228
-551
-761
-816
-704
-449
-102
265
579
774
812
684
416
64
-301
-605
-786
-806
-662
-383
-25
337
631
796
799
639
348
-12
-371
-654
-804
-789
-614
-313
51
405
677
810
778
588
277
-89
-438
-698
-815
-766
-560
-240
128
470
717
818
751
531
203
-166
-501
-735
-819
-735
-501
-166
203
531
751
818
717
470
128
-240
-560
-766
-815
-698
-438
-89
277
588
778
810
677
405
51
-313
-614
-789
-804
-654
-371
-12
348
639
799
796
631
337
-25
-383
-662
-806
-786
-605
-301
64
416
684
812
774
579
265
-102
-449
-704
-816
-761
-551
-228
140
481
723
818
746
522
191
-178
-512
-741
-818
-729
-491
-153
216
541
756
817
711
460
115
-253
-569
-770
-814
-691
-427
-77
289
597
782
808
670
394
38
-325
-622
-793
-801
-647
-360
0
360
647
801
793
622
325
-38
-394
-670
-808
-782
-597
-289
77
427
691
814
770
569
253
-115
-460
-711
-817
-756
-541
-216
153
491
729
818
741
512
178
-191
-522
-746
-818
-723
-481
-140
228
551
761
816
704
449
102
-265
-579
-774
-812
-684
-416
-64
301
605
786
806
662
383
25
-337
-631
-796
-799
-639
-348
12
371
654
804
789
614
313
-51
-405
-677
-810
-778
-588
-277
89
438
698
815
766
560
240
-128
-470
-717
-818
-751
-531
-203
166
501
735
819
735
501
166
-203
-531
-751
-818
-717
-470
-128
240
560
766
815
698
438
89
-277
-588
-778
-810
-677
-405
-51
313
614
789
804
654
371
12
-348
-639
-799
-796
-631
-337
25
383
662
806
786
605
301
-64
-416
-684
-812
-774
-579
-265
102
449
704
816
761
551
228
-140
-481
-723
-818
-746
-522
-191
178
512
741
818
729
491
153
-216
-541
-756
-817
-711
-460
-115
253
569
770
814
691
427
77
-289
-597
-782
-808
-670
-394
-38
325
622
793
801
647
360
0
-360
-647
-801
-793
-622
-325
38
394
670
808
782
597
289
-77
-427
-691
-814
-770
-569
-253
115
460
711
817
756
541
216
-153
-491
-729
-818
-741
-512
-178
191
522
746
818
723
481
140
-228
-551
-761
-816
-704
-449
-102
265
579
774
812
684
416
64
-301
-605
-786
-806
-662
-383
-25
337
631
796
799
639
348
-12
-371
-654
-804
-789
-614
-313
51
405
677
810
778
588
277
-89
-438
-698
-815
-766
-560
-240
128
470
717
818
751
531
203
-166
-501
-735
-819
-735
-501
-166
203
531
751
818
717
470
128
-240
-560
-766
-815
-698
-438
-89
277
588
778
810
677
405
51
-313
-614
-789
-804
-654
-371
-12
348
639
799
796
631
337
-25
-383
-662
-806
-786
-605
-301
64
416
684
812
774
579
265
-102
-449
-704
-816
-761
-551
-228
140
481
723
818
746
522
191
-178
-512
-741
-818
-729
-491
-153
216
541
756
817
711
460
115
-253
-569
-770
-814
-691
-427
-77
289
597
782
808
670
394
38
-325
-622
-793
-801
-647
-360
0
360
647
801
793
622
325
-38
-394
-670
-808
-782
-597
-289
77
427
691
814
770
569
253
-115
-460
-711
-817
-756
-541
-216
153
491
729
818
741
512
178
-191
-522
-746
-818
-723
-481
-140
228
551
761
816
704
449
102
-265
-579
-774
-812
-684
-416
-64
301
605
786
806
662
383
25
-337
-631
-796
-799
-639
-348
12
371
654
804
789
614
313
-51
-405
-677
-810
-778
-588
-277
89
438
698
815
766
560
240
-128
-470
-717
-818
-751
-531
-203
166
501
735
819
735
501
166
-203
-531
-751
-818
-717
-470
-128
240
560
766
815
698
438
89
-277
-588
-778
-810
-677
-405
-51
313
614
789
804
654
371
12
-348
-639
-799
-796
-631
-337
25
383
662
806
786
605
301
-64
-416
-684
-812
-774
-579
-265
102
449
704
816
761
551
228
-140
-481
-723
-818
-746
-522
-191
178
512
741
818
729
491
153
-216
-541
-756
-817
-711
-460
-115
253
569
770
814
691
427
77
-289
-597
-782
-808
-670
-394
-38
325
622
793
801
647
360
0
-360
-647
-801
-793
-622
-325
38
394
670
808
782
597
289
-77
-427
-691
-814
-770
-569
-253
115
460
711
817
756
541
216
-153
-491
-729
-818
-741
-512
-178
191
522
746
818
723
481
140
-228
-551
-761
-816
-704
-449
-102
265
579
774
812
684
416
64
-301
-605
-786
-806
-662
-383
-25
337
631
796
799
639
348
-12
-371
-654
-804
-789
-614
-313
51
405
677
810
778
588
277
-89
-438
-698
-815
-766
-560
-240
128
470
717
818
751
531
203
-166
-501
-735
-819
-735
-501
-166
203
531
751
818
717
470
128
-240
-560
-766
-815
-698
-438
-89
277
588
778
810
677
405
51
-313
-614
-789
-804
-654
-371
-12
348
639
799
796
631
337
-25
-383
-662
-806
-786
-605
-301
64
416
684
812
774
579
265
-102
-449
-704
-816
-761
-551
-228
140
481
723
818
746
522
191
-178
-512
-741
-818
-729
-491
-153
216
541
756
817
711
460
115
-253
-569
-770
-814
-691
-427
-77
289
597
782
808
670
394
38
-325
-622
-793
-801
-647
-360
0
360
647
801
793
622
325
-38
-394
-670
-808
-782
-597
-289
77
427
691
814
770
569
253
-115
-460
-711
-817
-756
-541
-216
153
491
729
818
741
512
178
-191
-522
-746
-818
-723
-481
-140
228
551
761
816
704
449
102
-265
-579
-774
-812
-684
-416
-64
301
605
786
806
662
383
25
-337
-631
-796
-799
-639
-348
12
371
654
804
789
614
313
-51
-405
-677
-810
-778
-588
-277
89
438
698
815
766
560
240
-128
-470
-717
-818
-751
-531
-203
166
501
735
819
735
501
166
-203
-531
-751
-818
-717
-470
-128
240
560
766
815
698
438
89
-277
-588
-778
-810
-677
-405
-51
313
614
789
804
654
371
12
-348
-639
-799
-796
-631
-337
25
383
662
806
786
605
301
-64
-416
-684
-812
-774
-579
-265
102
449
704
816
761
551
228
-140
-481
-723
-818
-746
-522
-191
178
512
741
818
729
491
153
-216
-541
-756
-817
-711
-460
-115
253
569
770
814
691
427
77
-289
-597
-782
-808
-670
-394
-38
325
622
793
801
647
360
0
-360
-647
-801
-793
-622
-325
38
394
670
808
782
597
289
-77
-427
-691
-814
-770
-569
-253
115
460
711
817
756
541
216
-153
-491
-729
-818
-741
-512
-178
191
522
746
818
723
481
140
-228
-551
-761
-816
-704
-449
-102
265
579
774
812
684
416
64
-301
-605
-786
-806
-662
-383
-25
337
631
796
799
639
348
-12
-371
-654
-804
-789
-614
-313
51
405
677
810
778
588
277
-89
-438
-698
-815
-766
-560
-240
128
470
717
818
751
531
203
-166
-501
-735
-819
-735
-501
-166
203
531
751
818
717
470
128
-240
-560
-766
-815
-698
-438
-89
277
588
778
810
677
405
51
-313
-614
-789
-804
-654
-371
-12
348
639
799
796
631
337
-25
-383
-662
-806
-786
-605
-301
64
416
684
812
774
579
265
-102
-449
-704
-816
-761
-551
-228
140
481
723
818
746
522
191
-178
-512
-741
-818
-729
-491
-153
216
541
756
817
711
460
115
-253
-569
-770
-814
-691
-427
-77
289
597
782
808
670
394
38
-325
-622
-793
-801
-647
-360
0
360
647
801
793
622
325
-38
-394
-670
-808
-782
-597
-289
77
427
691
814
770
569
253
-115
-460
-711
-817
-756
-541
-216
153
491
729
818
741
512
178
-191
-522
-746
-818
-723
-481
-140
228
551
761
816
704
449
102
-265
-579
-774
-812
-684
-416
-64
301
605
786
806
662
383
25
-337
-631
-796
-799
-639
-348
12
371
654
804
789
614
313
-51
-405
-677
-810
-778
-588
-277
89
438
698
815
766
560
240
-128
-470
-717
-818
-751
-531
-203
166
501
735
819
735
501
166
-203
-531
-751
-818
-717
-470
-128
240
560
766
815
698
438
89
-277
-588
-778
-810
-677
-405
-51
313
614
789
804
654
371
12
-348
-639
-799
-796
-631
-337
25
383
662
806
786
605
301
-64
-416
-684
-812
-774
-579
-265
102
449
704
816
761
551
228
-140
-481
-723
-818
-746
-522
-191
178
512
741
818
729
491
153
-216
-541
-756
-817
-711
-460
-115
253
569
770
814
691
427
77
-289
-597
-782
-808
-670
-394
-38
325
622
793
801
647
360
0
-360
-647
-801
-793
-622
-325
38
394
670
808
782
597
289
-77
-427
-691
-814
-770
-569
-253
115
460
711
817
756
541
216
-153
-491
-729
-818
-741
-512
-178
191
522
746
818
723
481
140
-228
-551
-761
-816
-704
-449
-102
265
579
774
812
684
416
64
-301
-605
-786
-806
-662
-383
-25
337
631
796
799
639
348
-12
-371
-654
-804
-789
-614
-313
51
405
677
810
778
588
277
-89
-438
-698
-815
-766
-560
-240
128
470
717
818
751
531
203
-166
-501
-735
-819
-735
-501
-166
203
531
751
818
717
470
128
-240
-560
-766
-815
-698
-438
-89
277
588
778
810
677
405
51
-313
-614
-789
-804
-654
-371
-12
348
639
799
796
631
337
-25
-383
-662
-806
-786
-605
-301
64
416
684
812
774
579
265
-102
-449
-704
-816
-761
-551
-228
140
481
723
818
746
522
191
-178
-512
-741
-818
-729
-491
-153
216
541
756
817
711
460
115
-253
-569
-770
-814
-691
-427
-77
289
597
782
808
670
394
38
-325
-622
-793
-801
-647
-360
0
360
647
801
793
622
325
-38
-394
-670
-808
-782
-597
-289
77
427
691
814
770
569
253
-115
-460
-711
-817
-756
-541
-216
153
491
729
818
741
512
178
-191
-522
-746
-818
-723
-481
-140
228
551
761
816
704
449
102
-265
-579
-774
-812
-684
-416
-64
301
605
786
806
662
383
25
-337
-631
-796
-799
-639
-348
12
371
654
804
789
614
313
-51
-405
-677
-810
-778
-588
-277
89
438
698
815
766
560
240
-128
-470
-717
-818
-751
-531
-203
166
501
735
819
735
501
166
-203
-531
-751
-818
-717
-470
-128
240
560
766
815
698
438
89
-277
-588
-778
-810
-677
-405
-51
313
614
789
804
654
371
12
-348
-639
-799
-796
-631
-337
25
383
662
806
786
605
301
-64
-416
-684
-812
-774
-579
-265
102
449
704
816
761
551
228
-140
-481
-723
-818
-746
-522
-191
178
512
741
818
729
491
153
-216
-541
-756
-817
-711
-460
-115
253
569
770
814
691
427
77
-289
-597
-782
-808
-670
-394
-38
325
622
793
801
647
360
0
-360
-647
-801
-793
-622
-325
38
394
670
808
782
597
289
-77
-427
-691
-814
-770
-569
-253
115
460
711
817
756
541
216
-153
-491
-729
-818
-741
-512
-178
191
522
746
818
723
481
140
-228
-551
-761
-816
-704
-449
-102
265
579
774
812
684
416
64
-301
-605
-786
-806
-662
-383
-25
337
631
796
799
639
348
-12
-371
-654
-804
-789
-614
-313
51
405
677
810
778
588
277
-89
-438
-698
-815
-766
-560
-240
128
470
717
818
751
531
203
-166
-501
-735
-819
-735
-501
-166
203
531
751
818
717
470
128
-240
-560
-766
-815
-698
-438
-89
277
588
778
810
677
405
51
-313
-614
-789
-804
-654
-371
-12
348
639
799
796
631
337
-25
-383
-662
-806
-786
-605
-301
64
416
684
812
774
579
265
-102
-449
-704
-816
-761
-551
-228
140
481
723
818
746
522
191
-178
-512
-741
-818
-729
-491
-153
216
541
756
817
711
460
115
-253
-569
-770
-814
-691
-427
-77
289
597
782
808
670
394
38
-325
-622
-793
-801
-647
-360
0
360
647
801
793
622
325
-38
-394
-670
-808
-782
-597
-289
77
427
691
814
770
569
253
-115
-460
-711
-817
-756
-541
-216
153
491
729
818
741
512
178
-191
-522
-746
-818
-723
-481
-140
228
551
761
816
704
449
102
-265
-579
-774
-812
-684
-416
-64
301
605
786
806
662
383
25
-337
-631
-796
-799
-639
-348
12
371
654
804
789
614
313
-51
-405
-677
-810
-778
-588
-277
89
438
698
815
766
560
240
-128
-470
-717
-818
-751
-531
-203
166
501
735
819
735
501
166
-203
-531
-751
-818
-717
-470
-128
240
560
766
815
698
438
89
-277
-588
-778
-810
-677
-405
-51
313
614
789
804
654
371
12
-348
-639
-799
-796
-631
-337
25
383
662
806
786
605
301
-64
-416
-684
-812
-774
-579
-265
102
449
704
816
761
551
228
-140
-481
-723
-818
-746
-522
-191
178
512
741
818
729
491
153
-216
-541
-756
-817
-711
-460
-115
253
569
770
814
691
427
77
-289
-597
-782
-808
-670
-394
-38
325
622
793
801
647
360
0
-360
-647
-801
-793
-622
-325
38
394
670
808
782
597
289
-77
-427
-691
-814
-770
-569
-253
115
460
711
817
756
541
216
-153
-491
-729
-818
-741
-512
-178
191
522
746
818
723
481
140
-228
-551
-761
-816
-704
-449
-102
265
579
774
812
684
416
64
-301
-605
-786
-806
-662
-383
-25
337
631
796
799
639
348
-12
-371
-654
-804
-789
-614
-313
51
405
677
810
778
588
277
-89
-438
-698
-815
-766
-560
-240
128
470
717
818
751
531
203
-166
-501
-735
-819
-735
-501
-166
203
531
751
818
717
470
128
-240
-560
-766
-815
-698
-438
-89
277
588
778
810
677
405
51
-313
-614
-789
-804
-654
-371
-12
348
639
799
796
631
337
-25
-383
-662
-806
-786
-605
-301
64
416
684
812
774
579
265
-102
-449
-704
-816
-761
-551
-228
140
481
723
818
746
522
191
-178
-512
-741
-818
-729
-491
-153
216
541
756
817
711
460
115
-253
-569
-770
-814
-691
-427
-77
289
597
782
808
670
394
38
-325
-622
-793
-801
-647
-360
0
360
647
801
793
622
325
-38
-394
-670
-808
-782
-597
-289
77
427
691
814
770
569
253
-115
-460
-711
-817
-756
-541
-216
153
491
729
818
741
512
178
-191
-522
-746
-818
-723
-481
-140
228
551
761
816
704
449
102
-265
-579
-774
-812
-684
-416
-64
301
605
786
806
662
383
25
-337
-631
-796
-799
-639
-348
12
371
654
804
789
614
313
-51
-405
-677
-810
-778
-588
-277
89
438
698
815
766
560
240
-128
-470
-717
-818
-751
-531
-203
166
501
735
819
735
501
166
-203
-531
-751
-818
-717
-470
-128
240
560
766
815
698
438
89
-277
-588
-778
-810
-677
-405
-51
313
614
789
804
654
371
12
-348
-639
-799
-796
-631
-337
25
383
662
806
786
605
301
-64
-416
-684
-812
-774
-579
-265
102
449
704
816
761
551
228
-140
-481
-723
-818
-746
-522
-191
178
512
741
818
729
491
153
-216
-541
-756
-817
-711
-460
-115
253
569
770
814
691
427
77
-289
-597
-782
-808
-670
-394
-38
325
622
793
801
647
360
0
-360
-647
-801
-793
-622
-325
38
394
670
808
782
597
289
-77
-427
-691
-814
-770
-569
-253
115
460
711
817
756
541
216
-153
-491
-729
-818
-741
-512
-178
191
522
746
818
723
481
140
-228
-551
-761
-816
-704
-449
-102
265
579
774
812
684
416
64
-301
-605
-786
-806
-662
-383
-25
337
631
796
799
639
348
-12
-371
-654
-804
-789
-614
-313
51
405
677
810
778
588
277
-89
-438
-698
-815
-766
-560
-240
128
470
717
818
751
531
203
-166
-501
-735
-819
-735
-501
-166
203
531
751
818
717
470
128
-240
-560
-766
-815
-698
-438
-89
277
588
778
810
677
405
51
-313
-614
-789
-804
-654
-371
-12
348
639
799
796
631
337
-25
-383
-662
-806
-786
-605
-301
64
416
684
812
774
579
265
-102
-449
-704
-816
-761
-551
-228
140
481
723
818
746
522
191
-178
-512
-741
-818
-729
-491
-153
216
541
756
817
711
460
115
-253
-569
-770
-814
-691
-427
-77
289
597
782
808
670
394
38
-325
-622
-793
-801
-647
-360
0
360
647
801
793
622
325
-38
-394
-670
-808
-782
-597
-289
77
427
691
814
770
569
253
-115
-460
-711
-817
-756
-541
-216
153
491
729
818
741
512
178
-191
-522
-746
-818
-723
-481
-140
228
551
761
816
704
449
102
-265
-579
-774
-812
-684
-416
-64
301
605
786
806
662
383
25
-337
-631
-796
-799
-639
-348
12
371
654
804
789
614
313
-51
-405
-677
-810
-778
-588
-277
89
438
698
815
766
560
240
-128
-470
-717
-818
-751
-531
-203
166
501
735
819
735
501
166
-203
-531
-751
-818
-717
-470
-128
240
560
766
815
698
438
89
-277
-588
-778
-810
-677
-405
-51
313
614
789
804
654
371
12
-348
-639
-799
-796
-631
-337
25
383
662
806
786
605
301
-64
-416
-684
-812
-774
-579
-265
102
449
704
816
761
551
228
-140
-481
-723
-818
-746
-522
-191
178
512
741
818
729
491
153
-216
-541
-756
-817
-711
-460
-115
253
569
770
814
691
427
77
-289
-597
-782
-808
-670
-394
-38
325
622
793
801
647
360
0
-360
-647
-801
-793
-622
-325
38
394
670
808
782
597
289
-77
-427
-691
-814
-770
-569
-253
115
460
711
817
756
541
216
-153
-491
-729
-818
-741
-512
-178
191
522
746
818
723
481
140
-228
-551
-761
-816
-704
-449
-102
265
579
774
812
684
416
64
-301
-605
-786
-806
-662
-383
-25
337
631
796
799
639
348
-12
-371
-654
-804
-789
-614
-313
51
405
677
810
778
588
277
-89
-438
-698
-815
-766
-560
-240
128
470
717
818
751
531
203
-166
-501
-735
-819
-735
-501
-166
203
531
751
818
717
470
128
-240
-560
-766
-815
-698
-438
-89
277
588
778
810
677
405
51
-313
-614
-789
-804
-654
-371
-12
348
639
799
796
631
337
-25
-383
-662
-806
-786
-605
-301
64
416
684
812
774
579
265
-102
-449
-704
-816
-761
-551
-228
140
481
723
818
746
522
191
-178
-512
-741
-818
-729
-491
-153
216
541
756
817
711
460
115
-253
-569
-770
-814
-691
-427
-77
289
597
782
808
670
394
38
-325
-622
-793
-801
-647
-360
0
360
647
801
793
622
325
-38
-394
-670
-808
-782
-597
-289
77
427
691
814
770
569
253
-115
-460
-711
-817
-756
-541
-216
153
491
729
818
741
512
178
-191
-522
-746
-818
-723
-481
-140
228
551
761
816
704
449
102
-265
-579
-774
-812
-684
-416
-64
301
605
786
806
662
383
25
-337
-631
-796
-799
-639
-348
12
371
654
804
789
614
313
-51
-405
-677
-810
-778
-588
-277
89
438
698
815
766
560
240
-128
-470
-717
-818
-751
-531
-203
166
501
735
819
735
501
166
-203
-531
-751
-818
-717
-470
-128
240
560
766
815
698
438
89
-277
-588
-778
-810
-677
-405
-51
313
614
789
804
654
371
12
-348
-639
-799
-796
-631
-337
25
383
662
806
786
605
301
-64
-416
-684
-812
-774
-579
-265
102
449
704
816
761
551
228
-140
-481
-723
-818
-746
-522
-191
178
512
741
818
729
491
153
-216
-541
-756
-817
-711
-460
-115
253
569
770
814
691
427
77
-289
-597
-782
-808
-670
-394
-38
325
622
793
801
647
360
0
-360
-647
-801
-793
-622
-325
38
394
670
808
782
597
289
-77
-427
-691
-814
-770
-569
-253
115
460
711
817
756
541
216
-153
-491
-729
-818
-741
-512
-178
191
522
746
818
723
481
140
-228
-551
-761
-816
-704
-449
-102
265
579
774
812
684
416
64
-301
-605
-786
-806
-662
-383
-25
337
631
796
799
639
348
-12
-371
-654
-804
-789
-614
-313
51
405
677
810
778
588
277
-89
-438
-698
-815
-766
-560
-240
128
470
717
818
751
531
203
-166
-501
-735
-819
-735
-501
-166
203
531
751
818
717
470
128
-240
-560
-766
-815
-698
-438
-89
277
588
778
810
677
405
51
-313
-614
-789
-804
-654
-371
-12
348
639
799
796
631
337
-25
-383
-662
-806
-786
-605
-301
64
416
684
812
774
579
265
-102
-449
-704
-816
-761
-551
-228
140
481
723
818
746
522
191
-178
-512
-741
-818
-729
-491
-153
216
541
756
817
711
460
115
-253
-569
-770
-814
-691
-427
-77
289
597
782
808
670
394
38
-325
-622
-793
-801
-647
-360
