0.000000
689.164737
744.714593
115.577287
-619.821244
-785.358981
-228.841293
538.072024
810.284404
337.525039
-445.553290
-818.991979
-439.453220
344.116803
811.307424
532.585741
-235.792816
-787.384546
-615.058555
122.749435
747.702160
685.220968
-7.249222
-693.054511
-741.668678
-108.396083
624.535371
783.271885
221.871841
-543.516151
-809.197900
-330.906832
451.618452
818.927813
433.318720
-350.681606
-812.266881
-527.057731
242.725866
789.348421
610.247678
-129.911966
-750.631148
-681.223514
14.497877
696.889987
738.564657
101.206388
-629.200568
-781.123423
-214.885005
548.917695
808.047998
324.262698
-457.648231
-818.799487
-427.150271
357.218935
813.162699
521.488428
-249.639899
-791.250454
-605.388991
137.064319
753.501325
677.172689
-21.745395
-700.670863
-735.402770
-94.008762
633.816468
778.913761
207.881334
-554.276233
-806.834787
-317.593159
463.642155
818.607010
420.948355
-363.728276
-813.994808
-515.878267
256.534373
793.090494
600.482872
-144.205933
-756.312468
-673.068808
28.991210
704.396843
732.183267
86.803772
-638.382711
-776.643074
-200.861376
559.591344
805.558364
310.898738
-469.599753
-818.350397
-414.713460
370.209120
814.763142
510.227689
-263.408748
-794.868397
-595.529708
151.336249
759.064356
668.912195
-36.234753
-708.067636
-728.906400
-79.591981
642.898938
774.311539
193.825681
-564.862614
-804.218826
-304.179959
475.520560
818.029669
408.446073
-376.660959
-815.467642
-504.537136
270.262486
796.584025
590.529885
-158.454708
-761.756773
-664.703174
43.475458
711.682954
725.572425
72.373954
-647.364796
-771.919338
-186.774801
570.089627
802.816281
297.437348
-481.404111
-817.644851
-402.146685
383.083288
816.108253
498.807054
-277.095050
-798.237243
-585.483796
165.560753
764.389509
660.442076
-50.712756
-715.242514
-722.181603
-65.150257
651.779935
769.466660
179.709287
-575.271976
-801.350837
-290.671434
487.249945
817.195972
395.815791
-389.475603
-816.684924
-493.037892
283.905904
799.827921
580.391836
-172.653826
-766.962357
-656.129233
57.946081
718.746036
718.734200
57.921455
-656.144009
-766.953697
-172.629693
580.409254
799.822610
283.882746
-493.057605
-816.683068
-389.453885
395.837404
817.197609
487.230101
-290.694515
-801.355935
-575.254404
179.733373
769.475116
651.764985
-65.174867
-722.193247
-715.230486
-50.688115
660.456675
764.380644
165.536574
-585.501059
-798.231719
-277.071818
498.826635
816.106180
383.061467
-402.168192
-817.646270
-481.384138
297.460351
802.821164
570.071902
-186.798838
-771.927588
-647.349673
72.398546
725.583875
711.670736
43.450804
-664.717597
-761.747705
-158.430486
590.546991
796.578288
270.239181
-504.556583
-815.465351
-376.639036
408.467472
818.030870
475.500459
-304.202881
-804.223495
-564.844737
193.849668
774.319582
642.883643
-79.616552
-728.917657
-708.055229
-36.210089
668.926440
759.055085
151.311986
-595.546655
-794.862448
-263.385372
510.247001
814.760634
370.187098
-414.734749
-818.351380
-469.579526
310.921578
805.562818
559.573317
-200.885310
-776.650910
-638.367245
86.828321
732.194329
704.384248
28.966537
-673.082874
-756.302995
-144.181630
600.499660
793.084333
256.510927
-515.897442
-813.992082
-363.706156
420.969533
818.607774
463.621803
-317.615916
-806.839026
-554.258057
207.905214
778.921390
633.800832
-94.033287
-735.413637
-700.658080
-21.720716
677.186574
753.491651
137.039978
-605.405618
-791.244081
-249.616385
521.507464
813.159756
357.196718
-427.171335
-818.800033
-457.627757
324.285369
808.052021
548.899372
-214.908828
-781.130843
-629.184763
101.230886
738.575326
696.877017
14.473192
-681.237219
-750.621272
-129.887590
610.264144
789.341838
242.702287
-527.076628
-812.263721
-350.659296
433.339669
818.928141
451.597856
-330.929415
-809.201708
-543.497683
221.895606
783.279097
624.519399
-108.420554
-741.679150
-693.041356
-7.224535
685.234490
747.692085
122.725025
-615.074857
-787.377752
-235.769173
532.604496
811.304048
344.094400
-439.474053
-818.992088
-445.532574
337.547533
810.287996
538.053412
-228.864998
-785.365984
-619.805106
115.601728
744.724866
689.151397
-0.024688
-689.178075
-744.704318
-115.552845
619.837381
785.351977
228.817588
-538.090637
-810.280811
-337.502545
445.574005
818.991870
439.432386
-344.139206
-811.310800
-532.566986
235.816459
787.391339
615.042253
-122.773844
-747.712235
-685.207445
7.273910
693.067665
741.658206
108.371612
-624.551342
-783.264673
-221.848075
543.534619
809.194092
330.884248
-451.639047
-818.927485
-433.297770
350.703917
812.270040
527.038834
-242.749445
-789.355004
-610.231213
129.936341
750.641022
681.209809
-14.522561
-696.902956
-738.553987
-101.181888
629.216371
781.116001
214.861182
-548.936017
-808.043974
-324.240027
457.668705
818.798940
427.129206
-357.241151
-813.165641
-521.469391
249.663412
791.256825
605.372363
-137.088659
-753.510999
-677.158802
21.770075
700.683645
735.391904
93.984237
-633.832103
-778.906131
-207.857454
554.294408
806.830548
317.570403
-463.662506
-818.606245
-420.927178
363.750395
813.997532
515.859092
-256.557819
-793.096654
-600.466083
144.230235
756.321941
673.054742
-29.015883
-704.409438
-732.172205
-86.779223
638.398177
776.635237
200.837442
-559.609371
-805.553909
-310.875898
469.619980
818.349414
414.692171
-370.231142
-814.765650
-510.208377
263.432125
794.874346
595.512759
-151.360512
-759.073626
-668.897949
36.259417
708.080043
728.895143
79.567410
-642.914233
-774.303495
-193.801694
564.880490
804.214157
304.157037
-475.540660
-818.028467
-408.424674
376.682881
815.469932
504.517689
-270.285791
-796.589761
-590.512778
158.478930
761.765841
664.688751
-43.500111
-711.695172
-725.560973
-72.349362
647.379919
771.911088
186.750763
-570.107352
-802.811397
-297.414346
481.424084
817.643431
402.125178
-383.105109
-816.110325
-498.787473
277.118282
798.242766
585.466532
-165.584931
-764.398373
-660.427475
50.737397
715.254541
722.169958
65.125647
-651.794884
-769.458204
-179.685200
575.289549
801.345739
290.648353
-487.269789
-817.194334
-395.794177
389.497321
816.686778
493.018178
-283.929061
-799.833231
-580.374417
172.677960
766.971016
656.114458
-57.970708
-718.757872
-718.722363
-57.896829
656.158783
766.945036
172.605559
-580.426672
-799.817298
-283.859589
493.077318
816.681212
389.432166
-395.859017
-817.199246
-487.210257
290.717596
801.361031
575.236830
-179.757459
-769.483570
-651.750035
65.199476
722.204890
715.218458
50.663474
-660.471274
-764.371779
-165.512396
585.518321
798.226194
277.048585
-498.846215
-816.104106
-383.039645
402.189699
817.647688
481.364164
-297.483353
-802.826047
-570.054176
186.822876
771.935837
647.334550
-72.423137
-725.595326
-711.658518
-43.426151
664.732019
761.738636
158.406264
-590.564097
-796.572551
-270.215875
504.576030
815.463060
376.617113
-408.488870
-818.032070
-475.480358
304.225803
804.228164
564.826859
-193.873655
-774.327624
-642.868347
79.641124
728.928913
708.042821
36.185425
-668.940684
-759.045813
-151.287722
595.563603
794.856498
263.361995
-510.266312
-814.758125
-370.165075
414.756038
818.352362
469.559299
-310.944418
-805.567271
-559.555290
200.909244
776.658746
638.351778
-86.852870
-732.205390
-704.371651
-28.941864
673.096939
756.293521
144.157327
-600.516448
-793.078171
-256.487481
