0.000000
0.841471
0.909297
0.141120
-0.756802
-0.958924
-0.279415
0.656987
0.989358
0.412118
-0.544021
-0.999990
-0.536573
0.420167
0.990607
0.650288
-0.287903
-0.961397
-0.750987
0.149877
0.912945
0.836656
-0.008851
-0.846220
-0.905578
-0.132352
0.762558
0.956376
0.270906
-0.663634
-0.988032
-0.404038
0.551427
0.999912
0.529083
-0.428183
-0.991779
-0.643538
0.296369
0.963795
0.745113
-0.158623
-0.916522
-0.831775
0.017702
0.850904
0.901788
0.123573
-0.768255
-0.953753
-0.262375
0.670229
0.986628
0.395925
-0.558789
-0.999755
-0.521551
0.436165
0.992873
0.636738
-0.304811
-0.966118
-0.739181
0.167356
0.920026
0.826829
-0.026551
-0.855520
-0.897928
-0.114785
0.773891
0.951055
0.253823
-0.676772
-0.985146
-0.387782
0.566108
0.999520
0.513978
-0.444113
-0.993889
-0.629888
0.313229
0.968364
0.733190
-0.176076
-0.923458
-0.821818
0.035398
0.860069
0.893997
0.105988
-0.779466
-0.948282
-0.245252
0.683262
0.983588
0.379608
-0.573382
-0.999207
-0.506366
0.452026
0.994827
0.622989
-0.321622
-0.970535
-0.727143
0.184782
0.926819
0.816743
-0.044243
-0.864551
-0.889996
-0.097182
0.784980
0.945435
0.236661
-0.689698
-0.981952
-0.371404
0.580611
0.998815
0.498713
-0.459903
-0.995687
-0.616040
0.329991
0.972630
0.721038
-0.193473
-0.930106
-0.811603
0.053084
0.868966
0.885925
0.088369
-0.790433
-0.942514
-0.228052
0.696080
0.980240
0.363171
-0.587795
-0.998345
-0.491022
0.467745
0.996469
0.609044
-0.338333
-0.974649
-0.714876
0.202150
0.933321
0.806401
-0.061920
-0.873312
-0.881785
-0.079549
0.795824
0.939520
0.219425
-0.702408
-0.978450
-0.354910
0.594933
0.997797
0.483292
-0.475550
-0.997173
-0.602000
0.346649
0.976591
0.708659
-0.210811
-0.936462
-0.801135
0.070752
0.877590
0.877575
0.070722
-0.801153
-0.936451
-0.210781
0.708680
0.976584
0.346621
-0.602024
-0.997171
-0.475524
0.483318
0.997799
0.594909
-0.354938
-0.978457
-0.702386
0.219455
0.939530
0.795806
-0.079579
-0.881799
-0.873297
-0.061890
0.806418
0.933310
0.202120
-0.714898
-0.974642
-0.338305
0.609068
0.996467
0.467719
-0.491048
-0.998347
-0.587771
0.363199
0.980246
0.696058
-0.228082
-0.942525
-0.790415
0.088399
0.885939
0.868951
0.053053
-0.811621
-0.930095
-0.193444
0.721059
0.972623
0.329962
-0.616064
-0.995684
-0.459877
0.498739
0.998817
0.580587
-0.371432
-0.981958
-0.689676
0.236691
0.945445
0.784962
-0.097212
-0.890009
-0.864536
-0.044213
0.816760
0.926807
0.184752
-0.727163
-0.970528
-0.321594
0.623012
0.994824
0.451999
-0.506392
-0.999208
-0.573357
0.379636
0.983593
0.683240
-0.245281
-0.948292
-0.779447
0.106017
0.894010
0.860054
0.035368
-0.821835
-0.923447
-0.176046
0.733211
0.968357
0.313200
-0.629911
-0.993885
-0.444086
0.514004
0.999521
0.566083
-0.387809
-0.985151
-0.676750
0.253853
0.951064
0.773872
-0.114815
-0.897941
-0.855504
-0.026521
0.826846
0.920014
0.167326
-0.739201
-0.966110
-0.304782
0.636761
0.992869
0.436138
-0.521577
-0.999756
-0.558764
0.395953
0.986633
0.670207
-0.262404
-0.953762
-0.768235
0.123603
0.901801
0.850888
0.017672
-0.831791
-0.916509
-0.158593
0.745133
0.963787
0.296340
-0.643561
-0.991775
-0.428155
0.529108
0.999912
0.551402
-0.404065
-0.988036
-0.663611
0.270935
0.956385
0.762539
-0.132382
-0.905591
-0.846204
-0.008821
0.836672
0.912933
0.149847
-0.751007
-0.961389
-0.287874
0.650311
0.990603
0.420140
-0.536598
-0.999990
-0.543996
0.412146
0.989363
0.656964
-0.279444
-0.958933
-0.756783
0.141150
0.909310
0.841455
-0.000030
-0.841487
-0.909285
-0.141090
0.756822
0.958916
0.279387
-0.657009
-0.989354
-0.412091
0.544046
0.999990
0.536547
-0.420194
-0.990611
-0.650265
0.287932
0.961406
0.750967
-0.149907
-0.912958
-0.836639
0.008881
0.846236
0.905566
0.132322
-0.762578
-0.956367
-0.270877
0.663656
0.988027
0.404010
-0.551452
-0.999911
-0.529057
0.428210
0.991783
0.643515
-0.296397
-0.963803
-0.745093
0.158652
0.916534
0.831758
-0.017732
-0.850919
-0.901775
-0.123543
0.768274
0.953744
0.262346
-0.670252
-0.986623
-0.395897
0.558814
0.999755
0.521525
-0.436192
-0.992876
-0.636715
0.304839
0.966126
0.739160
-0.167385
-0.920038
-0.826812
0.026581
0.855536
0.897914
0.114755
-0.773910
-0.951045
-0.253794
0.676794
0.985141
0.387754
-0.566132
-0.999519
-0.513953
0.444140
0.993892
0.629865
-0.313257
-0.968372
-0.733170
0.176105
0.923470
0.821801
-0.035428
-0.860085
-0.893983
-0.105958
0.779485
0.948273
0.245223
-0.683284
-0.983582
-0.379580
0.573407
0.999206
0.506340
-0.452053
-0.994830
-0.622965
0.321651
0.970543
0.727122
-0.184811
-0.926830
-0.816725
0.044273
0.864567
0.889982
0.097152
-0.784999
-0.945426
-0.236632
0.689720
0.981946
0.371376
-0.580636
-0.998814
-0.498687
0.459930
0.995690
0.616017
-0.330019
-0.972637
-0.721017
0.193503
0.930117
0.811586
-0.053114
-0.868981
-0.885911
-0.088339
0.790452
0.942504
0.228023
-0.696102
-0.980234
-0.363143
0.587819
0.998344
0.490995
-0.467772
-0.996472
-0.609020
0.338362
0.974655
0.714855
-0.202179
-0.933331
-0.806383
0.061950
0.873327
0.881770
0.079518
-0.795842
-0.939509
-0.219396
0.702429
0.978444
0.354882
-0.594957
-0.997795
-0.483265
0.475577
0.997176
0.601976
-0.346678
-0.976597
-0.708638
0.210840
0.936473
0.801117
-0.070782
-0.877604
-0.877561
-0.070692
0.801171
0.936441
0.210752
-0.708702
-0.976578
-0.346593
0.602048
0.997169
0.475497
-0.483344
-0.997801
-0.594884
0.354967
0.978463
0.702365
-0.219484
-0.939540
-0.795788
0.079609
0.881813
0.873283
0.061860
-0.806436
-0.933299
-0.202091
0.714919
0.974635
0.338277
-0.609092
-0.996464
-0.467692
0.491074
0.998349
0.587746
-0.363228
-0.980252
-0.696037
0.228111
0.942535
0.790396
-0.088429
-0.885953
-0.868936
-0.053023
0.811639
0.930084
0.193414
-0.721079
-0.972616
-0.329934
0.616088
0.995681
0.459850
-0.498765
-0.998818
-0.580562
0.371460
0.981964
0.689654
-0.236720
-0.945455
-0.784943
0.097242
0.890023
0.864521
0.044182
-0.816777
-0.926796
-0.184722
0.727184
0.970521
0.321565
-0.623036
-0.994821
-0.451972
0.506418
0.999209
0.573332
-0.379664
-0.983599
-0.683218
0.245310
0.948301
0.779428
-0.106047
-0.894024
-0.860039
-0.035338
0.821852
0.923435
0.176016
-0.733231
-0.968349
-0.313172
